7 75 35
11 19 26
1 7 0
x
x
3 67 20
x
0 6 1
0 8 2
x
6 9 39
13 46 25
x
10 34 21
0 0 43
8 92 32
0 5 44
13 52 14
7 85 2
3 71 21
3 73 27
x
x
1 31 44
13 59 1
1 36 5
x
x
3 76 32
6 99 25
13 64 26
11 24 29
8 94 36
14 73 4
0 11 3
10 1 30
x
12 44 7
15 11 38
x
14 77 25
2 3 40
14 81 26
14 84 28
1 37 13
10 85 31
3 87 0
x
11 32 0
4 91 4
1 9 4
2 97 2
2 16 2
14 82 44
11 29 3
14 88 30
10 11 8
10 24 20
0 13 5
1 13 6
2 18 7
10 16 16
11 77 24
11 39 37
13 72 29
10 18 23
0 14 7
9 38 42
15 77 29
0 17 8
9 6 14
x
9 3 33
15 72 36
x
7 84 23
14 90 32
1 38 14
7 89 12
11 58 14
9 0 41
14 94 40
15 22 16
6 13 40
12 46 4
x
0 19 9
x
13 67 36
1 40 21
12 48 40
2 23 9
7 91 39
6 24 1
2 24 12
6 29 25
15 92 22
x
13 69 44
4 94 12
6 31 36
10 77 37
2 25 15
11 49 21
x
6 34 44
5 68 13
11 50 25
x
1 45 27
2 30 16
15 85 24
13 77 8
3 81 8
1 50 32
15 0 20
3 86 35
11 53 30
15 88 37
2 33 25
3 91 10
x
12 58 0
4 74 29
4 1 9
4 43 21
2 38 26
15 2 11
10 29 40
0 98 38
x
12 53 3
0 22 10
6 38 3
0 27 11
0 29 12
0 32 13
0 33 14
x
5 24 26
7 95 36
11 62 32
13 79 16
x
9 18 0
5 64 31
12 54 41
6 40 5
12 62 1
5 7 6
13 82 42
11 65 2
x
0 34 15
1 55 33
13 85 19
x
11 68 11
6 42 17
10 47 14
10 83 25
4 6 39
x
6 78 42
2 57 30
6 45 22
15 9 22
15 7 37
2 40 36
11 70 13
15 14 9
10 43 33
6 49 30
4 0 41
x
15 97 7
9 9 3
15 18 27
10 38 41
6 51 32
8 26 43
1 62 5
5 0 18
2 43 37
1 67 13
10 50 5
15 19 10
4 13 14
6 62 12
x
14 23 22
9 24 19
15 21 26
5 12 19
11 71 16
11 74 17
11 72 37
8 79 44
2 88 38
11 84 19
12 64 11
2 47 39
11 79 23
9 14 27
15 26 8
11 88 9
12 65 13
11 91 6
7 97 43
8 0 18
11 90 7
x
x
x
15 30 18
4 11 35
4 24 4
13 89 6
x
0 37 16
6 56 13
6 58 26
0 41 17
x
10 99 38
8 1 21
5 5 24
x
5 16 20
2 46 41
x
12 99 2
0 45 18
5 20 21
5 22 32
x
2 51 1
x
4 17 5
11 95 10
9 26 30
3 2 9
x
6 68 14
5 27 0
5 32 43
14 0 21
9 28 24
11 97 28
13 94 24
2 60 12
1 70 14
7 98 44
12 0 21
2 56 26
15 32 37
12 66 20
5 57 2
x
x
10 54 1
5 42 33
10 58 18
x
5 35 36
8 5 42
9 33 11
5 37 37
5 40 44
13 98 30
12 97 3
9 36 16
x
10 62 29
1 18 19
14 5 8
15 33 7
x
9 37 28
0 49 20
5 46 34
2 59 41
2 80 4
10 64 11
x
0 52 21
2 65 17
x
x
8 7 22
0 53 22
4 22 17
4 26 11
9 43 40
10 67 16
0 55 23
8 9 33
5 49 23
15 34 19
4 98 31
x
x
8 17 15
15 39 17
5 53 28
6 65 43
4 30 22
6 81 5
12 9 31
6 73 18
2 68 18
x
5 62 32
14 8 18
2 98 13
0 60 24
10 74 17
x
12 78 24
x
2 83 19
0 64 25
6 85 19
x
10 70 22
1 96 0
8 11 29
10 79 34
12 70 36
6 76 37
12 71 37
14 19 5
2 74 24
10 88 43
12 76 44
12 4 33
0 67 26
9 84 2
15 41 27
4 39 31
4 35 42
9 45 5
11 40 12
x
8 12 34
x
9 49 15
0 70 27
10 91 27
2 79 35
5 70 41
14 11 7
0 71 28
9 47 29
1 71 1
1 73 3
14 14 35
12 14 5
9 52 7
14 25 12
8 20 11
11 0 15
9 57 8
9 58 17
11 35 35
15 44 39
8 22 23
4 41 6
5 73 7
4 48 40
6 90 35
0 76 29
x
8 31 13
2 92 43
9 61 9
5 74 8
6 92 34
10 22 37
12 84 9
6 95 20
3 31 2
12 18 43
5 77 14
3 36 13
x
1 76 8
5 79 15
x
3 40 26
5 84 24
x
14 30 23
x
8 34 26
x
2 39 30
15 46 43
x
14 34 39
x
1 80 11
x
12 81 35
7 0 40
14 37 36
15 50 26
11 5 9
8 37 40
0 81 30
0 84 31
14 45 0
7 56 25
x
11 12 38
14 49 2
8 39 1
7 3 36
7 5 41
7 9 3
7 13 7
7 18 8
11 7 6
5 87 10
12 98 32
x
9 60 16
9 64 10
3 4 33
3 0 41
4 45 41
13 15 38
0 86 32
0 87 33
5 90 11
1 22 34
12 90 10
x
11 9 4
7 23 27
3 9 3
x
x
9 69 28
15 57 34
3 12 20
14 40 41
x
14 54 13
x
x
7 27 38
0 88 35
3 96 29
12 23 1
10 0 21
0 92 36
12 96 25
0 95 37
x
9 75 32
13 38 3
15 55 44
3 13 35
7 35 6
8 43 18
4 52 1
x
x
15 64 14
3 26 6
x
x
x
14 59 20
7 30 24
x
15 68 15
x
5 95 42
5 96 16
4 53 7
x
1 59 38
4 56 15
9 79 36
1 28 39
10 37 25
7 31 30
1 85 20
x
x
7 38 33
13 49 32
9 88 39
8 84 25
5 99 30
7 40 10
6 0 21
10 5 31
13 57 2
12 24 8
12 27 13
13 0 11
1 88 22
3 14 10
x
4 57 25
8 52 31
13 4 13
13 7 36
4 61 3
6 4 4
8 47 35
8 64 5
7 45 29
x
13 10 17
8 55 22
3 15 23
3 20 28
7 47 16
1 89 31
14 60 42
5 23 13
13 8 18
3 25 29
12 28 16
7 51 23
2 99 26
12 31 18
13 19 7
4 65 17
x
x
7 52 28
7 59 13
8 96 20
4 69 34
11 38 24
7 61 31
7 68 0
12 33 36
x
15 62 30
13 84 22
x
x
6 15 7
3 28 34
x
x
1 90 40
8 59 38
6 21 9
x
8 99 42
8 67 6
1 91 42
2 55 9
8 72 29
12 34 22
10 96 12
x
x
2 0 14
6 17 27
3 44 16
x
8 66 30
7 71 17
3 99 21
4 71 27
11 45 42
8 74 4
8 87 12
7 63 37
14 99 16
14 68 31
x
14 65 33
x
x
3 50 30
9 93 13
9 97 26
2 8 22
4 79 38
13 21 27
x
x
13 25 34
10 7 19
15 81 1
11 16 44
x
14 71 43
13 30 4
4 82 1
x
6 41 42
6 19 38
2 12 31
13 33 15
x
1 0 40
12 37 39
1 2 41
12 42 34
3 55 36
3 59 37
7 80 9
7 77 24
13 43 28
x
1 5 42
15 82 20
x
x
3 63 44
x
4 89 15
10 98 35
3 80 14
4 85 35
